Train_Accuracy: 1.0000
Test_Accuracy: 0.9739

Classification Report:
               precision    recall  f1-score   support

           0       0.99      0.99      0.99       816
           1       0.98      0.99      0.99       909
           2       0.97      0.97      0.97       846
           3       0.98      0.96      0.97       937
           4       0.97      0.97      0.97       839
           5       0.97      0.96      0.96       702
           6       0.97      0.99      0.98       785
           7       0.98      0.97      0.97       893
           8       0.97      0.98      0.97       835
           9       0.95      0.97      0.96       838

    accuracy                           0.97      8400
   macro avg       0.97      0.97      0.97      8400
weighted avg       0.97      0.97      0.97      8400


Confusion Matrix:
 [[805   0   1   0   0   0   6   0   3   1]
 [  0 899   4   0   1   1   2   2   0   0]
 [  1   3 824   4   7   1   2   1   3   0]
 [  1   3   5 898   0  12   0   6   5   7]
 [  1   0   1   0 814   0   4   4   1  14]
 [  1   1   1   9   1 674   7   1   4   3]
 [  1   1   0   0   1   3 775   0   4   0]
 [  0   3   7   1   4   1   0 863   2  12]
 [  0   2   4   2   3   1   3   1 815   4]
 [  1   1   1   6   6   3   0   3   3 814]]